а) 245,25(10) = 365,2 (8)
  245(10) = 365(8)
  245/8 = 30		 5 	
  30/8 = 3	     6		
  3/8 = 0		     3	

  0,25(10) = 0,2(8)
  0,25 * 8 = 2	 2	

б) 64,5(10) = 100,4(8)
  64(10) = 100(8)
   64/8 = 8	   0 		
   8/8 = 1		 0	
   1/8 = 0	   1	
 
  0,5(10) = 0,4(8)
 0,5 * 8 = 4	 4	

в) 128,0625(10) = 200,04(8)
128(10) = 200(8)
  128/8 = 16		0		
  16/8 = 2	    0		
  2/8 = 0		    2	
0,0625(10) = 0,04(8)
  0,0625 * 8 = 0,5	0	
  0,5 * 8 = 4		    4	  


г) 166,00125(10) = 246,000507(8)
  166(10) = 246(8)
   166/8 = 20		 6	
   20/8 = 2	     4
   2/8 = 0		   2	
0,00125(10) = 0,000507(8)
   0,00125 * 8 = 0,01	   0	
   0,01 * 8 = 0,08	     0	
   0,08 * 8 = 0,64	     0	
   0,64 * 8 = 5,12	     5	
   0,12 * 8 = 0,96	     0	
   0,96 * 8 = 7,68	     7
